.Random.seed <-
c(403L, 10L, -442793516L, 465126615L, 76039885L, -339808668L, 
-1327305654L, 1513195957L, 244143375L, 267018774L, -1634829120L, 
-1502831997L, 1624417953L, -945493872L, -292977810L, 891596057L, 
532594091L, 1786387354L, 1627788124L, 180105823L, -1412367819L, 
-1432157748L, -728745694L, -86738051L, -1282746249L, -235459170L, 
1392968792L, -361676357L, 28661593L, 1107956968L, 1169874198L, 
-1224958319L, 1427444547L, -1847513518L, -117194524L, -907332825L, 
1649207165L, 705038964L, -1170361254L, -1753060187L, 429037247L, 
215035206L, -1467452464L, 284597747L, -1110591215L, -741440192L, 
-141261538L, 1290641897L, -307490021L, -1225016022L, 1903105612L, 
-329551345L, -61340347L, 1176061692L, -1125704366L, 210244301L, 
-1734595961L, -1516049042L, 724084552L, 841327435L, 1327876777L, 
-2117828616L, -328610010L, 1914867777L, 598966739L, -978015358L, 
-2139529292L, -1461717193L, -50352595L, 2137669444L, 1752947818L, 
-309041451L, 867881071L, -1837395594L, -1306690912L, 105408355L, 
1319627777L, -707971216L, 601358094L, 1405598073L, 138751243L, 
-2055891398L, -1208693444L, 1145291391L, 1440475605L, 1792321516L, 
1079769410L, 1546421917L, 1662538519L, -1320344962L, -739306952L, 
1992828187L, 1417540217L, -327389496L, 1486546678L, -906498255L, 
1028310883L, -663487182L, 429940356L, -1532323129L, -1712146019L, 
1154698516L, 648594362L, -434747899L, 108242911L, -347185562L, 
1260022256L, 1541138195L, 1427253425L, 651033440L, 2034387198L, 
1244567689L, 2100004795L, 593584522L, 1939894380L, -1900654097L, 
1232103973L, -375103780L, 1911674034L, -701646931L, -165721241L, 
805006L, 1570669928L, 986404203L, 859174665L, 236906904L, -1270075194L, 
-1403006431L, 151771827L, 631834658L, -1117654508L, -1880000873L, 
-1684805491L, 587410852L, 1542778762L, 88210421L, 1501885007L, 
2004329814L, -999145472L, 1442611523L, -584479519L, 1320756816L, 
-284910930L, -799064487L, 1662518891L, -1759499302L, -1423991652L, 
-1556695393L, 399940853L, 561192332L, -287397790L, 298362941L, 
272544439L, 1323104606L, -2069356392L, -80106501L, -834586215L, 
-936801752L, -139851050L, 471801681L, -1213283837L, 954226066L, 
-1380248796L, 1448453607L, 95015485L, 865610932L, -936678630L, 
1619017829L, -950015745L, -427505274L, 2055331600L, -1322792013L, 
1409828945L, -1670972416L, 19135710L, 1221799721L, 1438880475L, 
-563803670L, 201240972L, 1501165263L, -1781044603L, -588299972L, 
-69817326L, -1339407603L, 1356853319L, -649567698L, -292213880L, 
-870553973L, 520050793L, -1564326856L, 1338565862L, 2074971265L, 
-111997933L, 1005046722L, -239127436L, 1118947959L, 1959424877L, 
-464477180L, -754614486L, 1259568277L, -1517389009L, -206271946L, 
-2116235680L, -744420189L, -297220159L, 175289264L, 1803491022L, 
1559446585L, -179307957L, 1439649786L, 509086460L, 400367423L, 
748474389L, 791069484L, 1689225218L, -861670691L, 1306360279L, 
-1841515330L, 675237624L, 1727077595L, -212394183L, -1502774648L, 
-795238858L, -2113687951L, -1941885789L, -1498618382L, 2144511300L, 
675546631L, -346250275L, -169476028L, -1760238504L, 64675898L, 
68640880L, -554044868L, -1451205868L, 209690306L, -1435414816L, 
-1010445188L, 1250394320L, 1096258466L, 250855976L, -12262132L, 
-1172051012L, 796501298L, -1221206848L, 1691872820L, -2082818360L, 
-555682118L, 654827664L, -885765396L, 1203567188L, -2046632302L, 
1708374816L, 598223820L, 1648258272L, 392694466L, -241340376L, 
375073708L, 1941973692L, 1808782834L, 1058047536L, -395038812L, 
1402164664L, 1882308442L, -150067056L, -199218308L, 595165972L, 
1589121346L, -131456256L, -2080464964L, -849943728L, -1578396382L, 
1841614408L, -678324212L, -1774116772L, -1614517806L, 157059584L, 
1560527188L, 75478248L, -460583686L, -283609392L, -1996800724L, 
-584398604L, -1705515630L, 426228064L, 1954084876L, -329535776L, 
806152802L, 1403543208L, -535456180L, -2102535300L, 1176646962L, 
738352752L, -143168700L, 903336920L, -321777798L, -2123361744L, 
1911466940L, 1056965204L, 1678216258L, 1997355168L, -2091617604L, 
-364888624L, 648566626L, 1346736872L, 188404940L, -1238766084L, 
714267122L, 1327888000L, -1494399500L, -1687698808L, 859338554L, 
-509903024L, 730127468L, -1629082220L, 313064530L, 1524779488L, 
-501123892L, -1414119264L, 1696500098L, 545642728L, 247984876L, 
1716991292L, 5667954L, 1642718320L, 671878180L, 611475512L, -799196390L, 
-1335321392L, 1929800508L, 485439380L, 382005122L, 193480128L, 
2142736956L, -2110477936L, 354404898L, -570970872L, 645126796L, 
-1028511972L, 1518993554L, -1925807744L, 216293908L, 659817256L, 
1926932026L, 820963792L, 1726502252L, 1137066932L, -1755452398L, 
-179113504L, 881574860L, -1568669472L, 1752012834L, -2051576536L, 
-75753972L, 923153212L, 1191969778L, -2026635536L, -622871996L, 
329399896L, -170060998L, -1447738896L, 1180819132L, -379097836L, 
1302380226L, -335650720L, -1243379844L, -324125744L, -1715131102L, 
-2134448472L, -1535456372L, 1714437308L, 256456498L, 66556480L, 
-750262092L, 719129160L, 245566906L, -1800474096L, -1255563540L, 
-511050412L, 1723008274L, -1902102112L, -122102068L, 384366176L, 
-560806974L, 653271848L, -1660183636L, -1406591172L, -781070990L, 
-1573781712L, -1744108252L, -901608648L, 384949978L, -377384048L, 
-1436648708L, -502860908L, -850427838L, 851312896L, 1667347516L, 
561804624L, 1769975970L, 214433096L, 1297914636L, -1278848292L, 
2008113490L, 1486766208L, 2017205332L, -1008702488L, -1118272262L, 
1027252048L, -1921847508L, 1964182900L, 1279405970L, 1323293792L, 
-1187469940L, 1092631392L, 1432176098L, 303449000L, 2106962124L, 
-2071348228L, -444771918L, -345219600L, -598569020L, -1909571240L, 
14468474L, 786296752L, -1199622724L, -1017736108L, -989206590L, 
650217504L, -732354372L, 627488336L, -130863134L, -413161368L, 
1033879628L, -695626500L, -186828814L, -2005017344L, 1085715828L, 
-1432033272L, 467219386L, -2062006832L, 1575170028L, 998034836L, 
1235376594L, 625336672L, 921287500L, -1381414624L, -1730558078L, 
1145423592L, -694750996L, 182306876L, -2067730574L, 352861808L, 
1731304484L, -1066244296L, -1702210406L, 1712795200L, -1027326178L, 
-193301013L, 260213101L, 1259235290L, -336698984L, -792801279L, 
-2001395277L, 445266132L, 2143886818L, -746698633L, 1238334913L, 
117561158L, -412401020L, -91337675L, -1898533857L, -446370952L, 
-809053610L, 262069987L, 1111136421L, 2075396418L, 767938352L, 
2133048153L, 1404408011L, -1856536260L, 962432362L, -1399248993L, 
-1107807703L, -1675395906L, 121415084L, -1571472643L, 754210375L, 
1815831856L, 121083470L, -2132580741L, -1303812643L, 192566282L, 
1476191528L, -1131459695L, -1556632189L, 1604119172L, -987604814L, 
369477639L, 456655953L, 642986966L, -562214220L, 1383840453L, 
1139285007L, -800940920L, 1765854630L, 1406117203L, -1795383627L, 
796111890L, -1800763936L, 803530825L, 1318301307L, -2016569524L, 
-1839398182L, -950761777L, 499943065L, 82950830L, -1274517572L, 
-181968851L, 1804476375L, 1110627872L, 1156962174L, 1660590411L, 
-1932010675L, -1762481798L, 1253534648L, -1021054623L, 1767800083L, 
1387734324L, -323023038L, -1109520553L, 169574049L, -1904636058L, 
-652220060L, -1567683435L, 1696638399L, 22620504L, -1417271434L, 
-1449011837L, -367390779L, -880814878L, -566357680L, -291319687L, 
2028393387L, 687446300L, -468349366L, -628184513L, 461987465L, 
-1510684002L, 773715788L, -1418481891L, 1106292391L, -153066032L, 
772210030L, 568381467L, -1700019843L, -303163542L, 421491208L, 
-1254033743L, 985256227L, -661003740L, -5330734L, -1414389465L, 
-585593999L, -1248486986L, -720154284L, -1776816155L, -216585745L, 
-887336664L, 1719380358L, -1571383885L, 1844574485L, -912290958L, 
145442752L, 2108631081L, -1187953509L, -1677074068L, -1519957638L, 
-1377178961L, -2124471879L, 604834766L, 2102498076L, -2056754547L, 
-1847323913L, 775706112L, 1181397086L, 33794859L, -1055700947L, 
-633704294L, -226716584L, -822905919L, -713417613L, 714892692L, 
-1570825182L, 1591466807L, -2130731519L, 750604038L, 1524269892L, 
-437070219L, 279054303L, 596622136L, 881446166L, -1999974109L, 
